{"nbformat":4,"nbformat_minor":0,"metadata":{"colab":{"provenance":[],"authorship_tag":"ABX9TyNGtgQ1dEio/rY92vXIrE+u"},"kernelspec":{"name":"python3","display_name":"Python 3"},"language_info":{"name":"python"}},"cells":[{"cell_type":"markdown","source":["# 상관관계 구하기\n","\n","주어진 데이터에서 상관관계를 구하고, quality와의 상관관계가 가장 큰 값과, 가장 작은 값을 구한 다음 더하시오!\n","\n","단, quality와 quality 상관관계 제외, 소수점 둘째 자리까지 출력"],"metadata":{"id":"xqyeiEiINtj7"}},{"cell_type":"code","execution_count":16,"metadata":{"colab":{"base_uri":"https://localhost:8080/","height":267},"id":"usHq3-AzNncv","executionInfo":{"status":"ok","timestamp":1686466857546,"user_tz":-540,"elapsed":477,"user":{"displayName":"YOONGEE","userId":"13265385226373116446"}},"outputId":"b44e2ead-0a54-42c8-906f-1214b0d4fd2e"},"outputs":[{"output_type":"execute_result","data":{"text/plain":["   fixed acidity  volatile acidity  citric acid  residual sugar  chlorides  \\\n","0            7.4              0.70         0.00             1.9      0.076   \n","1            7.8              0.88         0.00             2.6      0.098   \n","2            7.8              0.76         0.04             2.3      0.092   \n","3           11.2              0.28         0.56             1.9      0.075   \n","4            7.4              0.70         0.00             1.9      0.076   \n","\n","   free sulfur dioxide  total sulfur dioxide  density    pH  sulphates  \\\n","0                 11.0                  34.0   0.9978  3.51       0.56   \n","1                 25.0                  67.0   0.9968  3.20       0.68   \n","2                 15.0                  54.0   0.9970  3.26       0.65   \n","3                 17.0                  60.0   0.9980  3.16       0.58   \n","4                 11.0                  34.0   0.9978  3.51       0.56   \n","\n","   alcohol  quality  \n","0      9.4        5  \n","1      9.8        5  \n","2      9.8        5  \n","3      9.8        6  \n","4      9.4        5  "],"text/html":["\n","  <div id=\"df-25e1897e-9ff4-42c1-8135-335e60603b78\">\n","    <div class=\"colab-df-container\">\n","      <div>\n","<style scoped>\n","    .dataframe tbody tr th:only-of-type {\n","        vertical-align: middle;\n","    }\n","\n","    .dataframe tbody tr th {\n","        vertical-align: top;\n","    }\n","\n","    .dataframe thead th {\n","        text-align: right;\n","    }\n","</style>\n","<table border=\"1\" class=\"dataframe\">\n","  <thead>\n","    <tr style=\"text-align: right;\">\n","      <th></th>\n","      <th>fixed acidity</th>\n","      <th>volatile acidity</th>\n","      <th>citric acid</th>\n","      <th>residual sugar</th>\n","      <th>chlorides</th>\n","      <th>free sulfur dioxide</th>\n","      <th>total sulfur dioxide</th>\n","      <th>density</th>\n","      <th>pH</th>\n","      <th>sulphates</th>\n","      <th>alcohol</th>\n","      <th>quality</th>\n","    </tr>\n","  </thead>\n","  <tbody>\n","    <tr>\n","      <th>0</th>\n","      <td>7.4</td>\n","      <td>0.70</td>\n","      <td>0.00</td>\n","      <td>1.9</td>\n","      <td>0.076</td>\n","      <td>11.0</td>\n","      <td>34.0</td>\n","      <td>0.9978</td>\n","      <td>3.51</td>\n","      <td>0.56</td>\n","      <td>9.4</td>\n","      <td>5</td>\n","    </tr>\n","    <tr>\n","      <th>1</th>\n","      <td>7.8</td>\n","      <td>0.88</td>\n","      <td>0.00</td>\n","      <td>2.6</td>\n","      <td>0.098</td>\n","      <td>25.0</td>\n","      <td>67.0</td>\n","      <td>0.9968</td>\n","      <td>3.20</td>\n","      <td>0.68</td>\n","      <td>9.8</td>\n","      <td>5</td>\n","    </tr>\n","    <tr>\n","      <th>2</th>\n","      <td>7.8</td>\n","      <td>0.76</td>\n","      <td>0.04</td>\n","      <td>2.3</td>\n","      <td>0.092</td>\n","      <td>15.0</td>\n","      <td>54.0</td>\n","      <td>0.9970</td>\n","      <td>3.26</td>\n","      <td>0.65</td>\n","      <td>9.8</td>\n","      <td>5</td>\n","    </tr>\n","    <tr>\n","      <th>3</th>\n","      <td>11.2</td>\n","      <td>0.28</td>\n","      <td>0.56</td>\n","      <td>1.9</td>\n","      <td>0.075</td>\n","      <td>17.0</td>\n","      <td>60.0</td>\n","      <td>0.9980</td>\n","      <td>3.16</td>\n","      <td>0.58</td>\n","      <td>9.8</td>\n","      <td>6</td>\n","    </tr>\n","    <tr>\n","      <th>4</th>\n","      <td>7.4</td>\n","      <td>0.70</td>\n","      <td>0.00</td>\n","      <td>1.9</td>\n","      <td>0.076</td>\n","      <td>11.0</td>\n","      <td>34.0</td>\n","      <td>0.9978</td>\n","      <td>3.51</td>\n","      <td>0.56</td>\n","      <td>9.4</td>\n","      <td>5</td>\n","    </tr>\n","  </tbody>\n","</table>\n","</div>\n","      <button class=\"colab-df-convert\" onclick=\"convertToInteractive('df-25e1897e-9ff4-42c1-8135-335e60603b78')\"\n","              title=\"Convert this dataframe to an interactive table.\"\n","              style=\"display:none;\">\n","        \n","  <svg xmlns=\"http://www.w3.org/2000/svg\" height=\"24px\"viewBox=\"0 0 24 24\"\n","       width=\"24px\">\n","    <path d=\"M0 0h24v24H0V0z\" fill=\"none\"/>\n","    <path d=\"M18.56 5.44l.94 2.06.94-2.06 2.06-.94-2.06-.94-.94-2.06-.94 2.06-2.06.94zm-11 1L8.5 8.5l.94-2.06 2.06-.94-2.06-.94L8.5 2.5l-.94 2.06-2.06.94zm10 10l.94 2.06.94-2.06 2.06-.94-2.06-.94-.94-2.06-.94 2.06-2.06.94z\"/><path d=\"M17.41 7.96l-1.37-1.37c-.4-.4-.92-.59-1.43-.59-.52 0-1.04.2-1.43.59L10.3 9.45l-7.72 7.72c-.78.78-.78 2.05 0 2.83L4 21.41c.39.39.9.59 1.41.59.51 0 1.02-.2 1.41-.59l7.78-7.78 2.81-2.81c.8-.78.8-2.07 0-2.86zM5.41 20L4 18.59l7.72-7.72 1.47 1.35L5.41 20z\"/>\n","  </svg>\n","      </button>\n","      \n","  <style>\n","    .colab-df-container {\n","      display:flex;\n","      flex-wrap:wrap;\n","      gap: 12px;\n","    }\n","\n","    .colab-df-convert {\n","      background-color: #E8F0FE;\n","      border: none;\n","      border-radius: 50%;\n","      cursor: pointer;\n","      display: none;\n","      fill: #1967D2;\n","      height: 32px;\n","      padding: 0 0 0 0;\n","      width: 32px;\n","    }\n","\n","    .colab-df-convert:hover {\n","      background-color: #E2EBFA;\n","      box-shadow: 0px 1px 2px rgba(60, 64, 67, 0.3), 0px 1px 3px 1px rgba(60, 64, 67, 0.15);\n","      fill: #174EA6;\n","    }\n","\n","    [theme=dark] .colab-df-convert {\n","      background-color: #3B4455;\n","      fill: #D2E3FC;\n","    }\n","\n","    [theme=dark] .colab-df-convert:hover {\n","      background-color: #434B5C;\n","      box-shadow: 0px 1px 3px 1px rgba(0, 0, 0, 0.15);\n","      filter: drop-shadow(0px 1px 2px rgba(0, 0, 0, 0.3));\n","      fill: #FFFFFF;\n","    }\n","  </style>\n","\n","      <script>\n","        const buttonEl =\n","          document.querySelector('#df-25e1897e-9ff4-42c1-8135-335e60603b78 button.colab-df-convert');\n","        buttonEl.style.display =\n","          google.colab.kernel.accessAllowed ? 'block' : 'none';\n","\n","        async function convertToInteractive(key) {\n","          const element = document.querySelector('#df-25e1897e-9ff4-42c1-8135-335e60603b78');\n","          const dataTable =\n","            await google.colab.kernel.invokeFunction('convertToInteractive',\n","                                                     [key], {});\n","          if (!dataTable) return;\n","\n","          const docLinkHtml = 'Like what you see? Visit the ' +\n","            '<a target=\"_blank\" href=https://colab.research.google.com/notebooks/data_table.ipynb>data table notebook</a>'\n","            + ' to learn more about interactive tables.';\n","          element.innerHTML = '';\n","          dataTable['output_type'] = 'display_data';\n","          await google.colab.output.renderOutput(dataTable, element);\n","          const docLink = document.createElement('div');\n","          docLink.innerHTML = docLinkHtml;\n","          element.appendChild(docLink);\n","        }\n","      </script>\n","    </div>\n","  </div>\n","  "]},"metadata":{},"execution_count":16}],"source":["import pandas as pd\n","import numpy as np\n","\n","df = pd.read_csv('/content/winequality-red.csv')\n","df.head()"]},{"cell_type":"code","source":["corr = df.corr()\n","\n","corr = corr[:-1]\n","corr"],"metadata":{"colab":{"base_uri":"https://localhost:8080/","height":507},"id":"gDDS3Ke-OLus","executionInfo":{"status":"ok","timestamp":1686466891247,"user_tz":-540,"elapsed":320,"user":{"displayName":"YOONGEE","userId":"13265385226373116446"}},"outputId":"027628fa-0c19-4952-ebf8-4a25d98522dd"},"execution_count":19,"outputs":[{"output_type":"execute_result","data":{"text/plain":["                      fixed acidity  volatile acidity  citric acid  \\\n","fixed acidity              1.000000         -0.256131     0.671703   \n","volatile acidity          -0.256131          1.000000    -0.552496   \n","citric acid                0.671703         -0.552496     1.000000   \n","residual sugar             0.114777          0.001918     0.143577   \n","chlorides                  0.093705          0.061298     0.203823   \n","free sulfur dioxide       -0.153794         -0.010504    -0.060978   \n","total sulfur dioxide      -0.113181          0.076470     0.035533   \n","density                    0.668047          0.022026     0.364947   \n","pH                        -0.682978          0.234937    -0.541904   \n","sulphates                  0.183006         -0.260987     0.312770   \n","alcohol                   -0.061668         -0.202288     0.109903   \n","\n","                      residual sugar  chlorides  free sulfur dioxide  \\\n","fixed acidity               0.114777   0.093705            -0.153794   \n","volatile acidity            0.001918   0.061298            -0.010504   \n","citric acid                 0.143577   0.203823            -0.060978   \n","residual sugar              1.000000   0.055610             0.187049   \n","chlorides                   0.055610   1.000000             0.005562   \n","free sulfur dioxide         0.187049   0.005562             1.000000   \n","total sulfur dioxide        0.203028   0.047400             0.667666   \n","density                     0.355283   0.200632            -0.021946   \n","pH                         -0.085652  -0.265026             0.070377   \n","sulphates                   0.005527   0.371260             0.051658   \n","alcohol                     0.042075  -0.221141            -0.069408   \n","\n","                      total sulfur dioxide   density        pH  sulphates  \\\n","fixed acidity                    -0.113181  0.668047 -0.682978   0.183006   \n","volatile acidity                  0.076470  0.022026  0.234937  -0.260987   \n","citric acid                       0.035533  0.364947 -0.541904   0.312770   \n","residual sugar                    0.203028  0.355283 -0.085652   0.005527   \n","chlorides                         0.047400  0.200632 -0.265026   0.371260   \n","free sulfur dioxide               0.667666 -0.021946  0.070377   0.051658   \n","total sulfur dioxide              1.000000  0.071269 -0.066495   0.042947   \n","density                           0.071269  1.000000 -0.341699   0.148506   \n","pH                               -0.066495 -0.341699  1.000000  -0.196648   \n","sulphates                         0.042947  0.148506 -0.196648   1.000000   \n","alcohol                          -0.205654 -0.496180  0.205633   0.093595   \n","\n","                       alcohol   quality  \n","fixed acidity        -0.061668  0.124052  \n","volatile acidity     -0.202288 -0.390558  \n","citric acid           0.109903  0.226373  \n","residual sugar        0.042075  0.013732  \n","chlorides            -0.221141 -0.128907  \n","free sulfur dioxide  -0.069408 -0.050656  \n","total sulfur dioxide -0.205654 -0.185100  \n","density              -0.496180 -0.174919  \n","pH                    0.205633 -0.057731  \n","sulphates             0.093595  0.251397  \n","alcohol               1.000000  0.476166  "],"text/html":["\n","  <div id=\"df-b781d1e7-5c43-40a7-bc1d-aa7dcd8195ed\">\n","    <div class=\"colab-df-container\">\n","      <div>\n","<style scoped>\n","    .dataframe tbody tr th:only-of-type {\n","        vertical-align: middle;\n","    }\n","\n","    .dataframe tbody tr th {\n","        vertical-align: top;\n","    }\n","\n","    .dataframe thead th {\n","        text-align: right;\n","    }\n","</style>\n","<table border=\"1\" class=\"dataframe\">\n","  <thead>\n","    <tr style=\"text-align: right;\">\n","      <th></th>\n","      <th>fixed acidity</th>\n","      <th>volatile acidity</th>\n","      <th>citric acid</th>\n","      <th>residual sugar</th>\n","      <th>chlorides</th>\n","      <th>free sulfur dioxide</th>\n","      <th>total sulfur dioxide</th>\n","      <th>density</th>\n","      <th>pH</th>\n","      <th>sulphates</th>\n","      <th>alcohol</th>\n","      <th>quality</th>\n","    </tr>\n","  </thead>\n","  <tbody>\n","    <tr>\n","      <th>fixed acidity</th>\n","      <td>1.000000</td>\n","      <td>-0.256131</td>\n","      <td>0.671703</td>\n","      <td>0.114777</td>\n","      <td>0.093705</td>\n","      <td>-0.153794</td>\n","      <td>-0.113181</td>\n","      <td>0.668047</td>\n","      <td>-0.682978</td>\n","      <td>0.183006</td>\n","      <td>-0.061668</td>\n","      <td>0.124052</td>\n","    </tr>\n","    <tr>\n","      <th>volatile acidity</th>\n","      <td>-0.256131</td>\n","      <td>1.000000</td>\n","      <td>-0.552496</td>\n","      <td>0.001918</td>\n","      <td>0.061298</td>\n","      <td>-0.010504</td>\n","      <td>0.076470</td>\n","      <td>0.022026</td>\n","      <td>0.234937</td>\n","      <td>-0.260987</td>\n","      <td>-0.202288</td>\n","      <td>-0.390558</td>\n","    </tr>\n","    <tr>\n","      <th>citric acid</th>\n","      <td>0.671703</td>\n","      <td>-0.552496</td>\n","      <td>1.000000</td>\n","      <td>0.143577</td>\n","      <td>0.203823</td>\n","      <td>-0.060978</td>\n","      <td>0.035533</td>\n","      <td>0.364947</td>\n","      <td>-0.541904</td>\n","      <td>0.312770</td>\n","      <td>0.109903</td>\n","      <td>0.226373</td>\n","    </tr>\n","    <tr>\n","      <th>residual sugar</th>\n","      <td>0.114777</td>\n","      <td>0.001918</td>\n","      <td>0.143577</td>\n","      <td>1.000000</td>\n","      <td>0.055610</td>\n","      <td>0.187049</td>\n","      <td>0.203028</td>\n","      <td>0.355283</td>\n","      <td>-0.085652</td>\n","      <td>0.005527</td>\n","      <td>0.042075</td>\n","      <td>0.013732</td>\n","    </tr>\n","    <tr>\n","      <th>chlorides</th>\n","      <td>0.093705</td>\n","      <td>0.061298</td>\n","      <td>0.203823</td>\n","      <td>0.055610</td>\n","      <td>1.000000</td>\n","      <td>0.005562</td>\n","      <td>0.047400</td>\n","      <td>0.200632</td>\n","      <td>-0.265026</td>\n","      <td>0.371260</td>\n","      <td>-0.221141</td>\n","      <td>-0.128907</td>\n","    </tr>\n","    <tr>\n","      <th>free sulfur dioxide</th>\n","      <td>-0.153794</td>\n","      <td>-0.010504</td>\n","      <td>-0.060978</td>\n","      <td>0.187049</td>\n","      <td>0.005562</td>\n","      <td>1.000000</td>\n","      <td>0.667666</td>\n","      <td>-0.021946</td>\n","      <td>0.070377</td>\n","      <td>0.051658</td>\n","      <td>-0.069408</td>\n","      <td>-0.050656</td>\n","    </tr>\n","    <tr>\n","      <th>total sulfur dioxide</th>\n","      <td>-0.113181</td>\n","      <td>0.076470</td>\n","      <td>0.035533</td>\n","      <td>0.203028</td>\n","      <td>0.047400</td>\n","      <td>0.667666</td>\n","      <td>1.000000</td>\n","      <td>0.071269</td>\n","      <td>-0.066495</td>\n","      <td>0.042947</td>\n","      <td>-0.205654</td>\n","      <td>-0.185100</td>\n","    </tr>\n","    <tr>\n","      <th>density</th>\n","      <td>0.668047</td>\n","      <td>0.022026</td>\n","      <td>0.364947</td>\n","      <td>0.355283</td>\n","      <td>0.200632</td>\n","      <td>-0.021946</td>\n","      <td>0.071269</td>\n","      <td>1.000000</td>\n","      <td>-0.341699</td>\n","      <td>0.148506</td>\n","      <td>-0.496180</td>\n","      <td>-0.174919</td>\n","    </tr>\n","    <tr>\n","      <th>pH</th>\n","      <td>-0.682978</td>\n","      <td>0.234937</td>\n","      <td>-0.541904</td>\n","      <td>-0.085652</td>\n","      <td>-0.265026</td>\n","      <td>0.070377</td>\n","      <td>-0.066495</td>\n","      <td>-0.341699</td>\n","      <td>1.000000</td>\n","      <td>-0.196648</td>\n","      <td>0.205633</td>\n","      <td>-0.057731</td>\n","    </tr>\n","    <tr>\n","      <th>sulphates</th>\n","      <td>0.183006</td>\n","      <td>-0.260987</td>\n","      <td>0.312770</td>\n","      <td>0.005527</td>\n","      <td>0.371260</td>\n","      <td>0.051658</td>\n","      <td>0.042947</td>\n","      <td>0.148506</td>\n","      <td>-0.196648</td>\n","      <td>1.000000</td>\n","      <td>0.093595</td>\n","      <td>0.251397</td>\n","    </tr>\n","    <tr>\n","      <th>alcohol</th>\n","      <td>-0.061668</td>\n","      <td>-0.202288</td>\n","      <td>0.109903</td>\n","      <td>0.042075</td>\n","      <td>-0.221141</td>\n","      <td>-0.069408</td>\n","      <td>-0.205654</td>\n","      <td>-0.496180</td>\n","      <td>0.205633</td>\n","      <td>0.093595</td>\n","      <td>1.000000</td>\n","      <td>0.476166</td>\n","    </tr>\n","  </tbody>\n","</table>\n","</div>\n","      <button class=\"colab-df-convert\" onclick=\"convertToInteractive('df-b781d1e7-5c43-40a7-bc1d-aa7dcd8195ed')\"\n","              title=\"Convert this dataframe to an interactive table.\"\n","              style=\"display:none;\">\n","        \n","  <svg xmlns=\"http://www.w3.org/2000/svg\" height=\"24px\"viewBox=\"0 0 24 24\"\n","       width=\"24px\">\n","    <path d=\"M0 0h24v24H0V0z\" fill=\"none\"/>\n","    <path d=\"M18.56 5.44l.94 2.06.94-2.06 2.06-.94-2.06-.94-.94-2.06-.94 2.06-2.06.94zm-11 1L8.5 8.5l.94-2.06 2.06-.94-2.06-.94L8.5 2.5l-.94 2.06-2.06.94zm10 10l.94 2.06.94-2.06 2.06-.94-2.06-.94-.94-2.06-.94 2.06-2.06.94z\"/><path d=\"M17.41 7.96l-1.37-1.37c-.4-.4-.92-.59-1.43-.59-.52 0-1.04.2-1.43.59L10.3 9.45l-7.72 7.72c-.78.78-.78 2.05 0 2.83L4 21.41c.39.39.9.59 1.41.59.51 0 1.02-.2 1.41-.59l7.78-7.78 2.81-2.81c.8-.78.8-2.07 0-2.86zM5.41 20L4 18.59l7.72-7.72 1.47 1.35L5.41 20z\"/>\n","  </svg>\n","      </button>\n","      \n","  <style>\n","    .colab-df-container {\n","      display:flex;\n","      flex-wrap:wrap;\n","      gap: 12px;\n","    }\n","\n","    .colab-df-convert {\n","      background-color: #E8F0FE;\n","      border: none;\n","      border-radius: 50%;\n","      cursor: pointer;\n","      display: none;\n","      fill: #1967D2;\n","      height: 32px;\n","      padding: 0 0 0 0;\n","      width: 32px;\n","    }\n","\n","    .colab-df-convert:hover {\n","      background-color: #E2EBFA;\n","      box-shadow: 0px 1px 2px rgba(60, 64, 67, 0.3), 0px 1px 3px 1px rgba(60, 64, 67, 0.15);\n","      fill: #174EA6;\n","    }\n","\n","    [theme=dark] .colab-df-convert {\n","      background-color: #3B4455;\n","      fill: #D2E3FC;\n","    }\n","\n","    [theme=dark] .colab-df-convert:hover {\n","      background-color: #434B5C;\n","      box-shadow: 0px 1px 3px 1px rgba(0, 0, 0, 0.15);\n","      filter: drop-shadow(0px 1px 2px rgba(0, 0, 0, 0.3));\n","      fill: #FFFFFF;\n","    }\n","  </style>\n","\n","      <script>\n","        const buttonEl =\n","          document.querySelector('#df-b781d1e7-5c43-40a7-bc1d-aa7dcd8195ed button.colab-df-convert');\n","        buttonEl.style.display =\n","          google.colab.kernel.accessAllowed ? 'block' : 'none';\n","\n","        async function convertToInteractive(key) {\n","          const element = document.querySelector('#df-b781d1e7-5c43-40a7-bc1d-aa7dcd8195ed');\n","          const dataTable =\n","            await google.colab.kernel.invokeFunction('convertToInteractive',\n","                                                     [key], {});\n","          if (!dataTable) return;\n","\n","          const docLinkHtml = 'Like what you see? Visit the ' +\n","            '<a target=\"_blank\" href=https://colab.research.google.com/notebooks/data_table.ipynb>data table notebook</a>'\n","            + ' to learn more about interactive tables.';\n","          element.innerHTML = '';\n","          dataTable['output_type'] = 'display_data';\n","          await google.colab.output.renderOutput(dataTable, element);\n","          const docLink = document.createElement('div');\n","          docLink.innerHTML = docLinkHtml;\n","          element.appendChild(docLink);\n","        }\n","      </script>\n","    </div>\n","  </div>\n","  "]},"metadata":{},"execution_count":19}]},{"cell_type":"code","source":["corr_sort = corr.sort_values(by='quality', ascending=False)\n","corr_sort"],"metadata":{"colab":{"base_uri":"https://localhost:8080/","height":507},"id":"33NRYO93OOUy","executionInfo":{"status":"ok","timestamp":1686466901214,"user_tz":-540,"elapsed":334,"user":{"displayName":"YOONGEE","userId":"13265385226373116446"}},"outputId":"cd58ac9d-b0d7-4351-c0b9-700d3f96fe31"},"execution_count":20,"outputs":[{"output_type":"execute_result","data":{"text/plain":["                      fixed acidity  volatile acidity  citric acid  \\\n","alcohol                   -0.061668         -0.202288     0.109903   \n","sulphates                  0.183006         -0.260987     0.312770   \n","citric acid                0.671703         -0.552496     1.000000   \n","fixed acidity              1.000000         -0.256131     0.671703   \n","residual sugar             0.114777          0.001918     0.143577   \n","free sulfur dioxide       -0.153794         -0.010504    -0.060978   \n","pH                        -0.682978          0.234937    -0.541904   \n","chlorides                  0.093705          0.061298     0.203823   \n","density                    0.668047          0.022026     0.364947   \n","total sulfur dioxide      -0.113181          0.076470     0.035533   \n","volatile acidity          -0.256131          1.000000    -0.552496   \n","\n","                      residual sugar  chlorides  free sulfur dioxide  \\\n","alcohol                     0.042075  -0.221141            -0.069408   \n","sulphates                   0.005527   0.371260             0.051658   \n","citric acid                 0.143577   0.203823            -0.060978   \n","fixed acidity               0.114777   0.093705            -0.153794   \n","residual sugar              1.000000   0.055610             0.187049   \n","free sulfur dioxide         0.187049   0.005562             1.000000   \n","pH                         -0.085652  -0.265026             0.070377   \n","chlorides                   0.055610   1.000000             0.005562   \n","density                     0.355283   0.200632            -0.021946   \n","total sulfur dioxide        0.203028   0.047400             0.667666   \n","volatile acidity            0.001918   0.061298            -0.010504   \n","\n","                      total sulfur dioxide   density        pH  sulphates  \\\n","alcohol                          -0.205654 -0.496180  0.205633   0.093595   \n","sulphates                         0.042947  0.148506 -0.196648   1.000000   \n","citric acid                       0.035533  0.364947 -0.541904   0.312770   \n","fixed acidity                    -0.113181  0.668047 -0.682978   0.183006   \n","residual sugar                    0.203028  0.355283 -0.085652   0.005527   \n","free sulfur dioxide               0.667666 -0.021946  0.070377   0.051658   \n","pH                               -0.066495 -0.341699  1.000000  -0.196648   \n","chlorides                         0.047400  0.200632 -0.265026   0.371260   \n","density                           0.071269  1.000000 -0.341699   0.148506   \n","total sulfur dioxide              1.000000  0.071269 -0.066495   0.042947   \n","volatile acidity                  0.076470  0.022026  0.234937  -0.260987   \n","\n","                       alcohol   quality  \n","alcohol               1.000000  0.476166  \n","sulphates             0.093595  0.251397  \n","citric acid           0.109903  0.226373  \n","fixed acidity        -0.061668  0.124052  \n","residual sugar        0.042075  0.013732  \n","free sulfur dioxide  -0.069408 -0.050656  \n","pH                    0.205633 -0.057731  \n","chlorides            -0.221141 -0.128907  \n","density              -0.496180 -0.174919  \n","total sulfur dioxide -0.205654 -0.185100  \n","volatile acidity     -0.202288 -0.390558  "],"text/html":["\n","  <div id=\"df-a417d17e-73d7-404a-8b82-5dfca9d47f80\">\n","    <div class=\"colab-df-container\">\n","      <div>\n","<style scoped>\n","    .dataframe tbody tr th:only-of-type {\n","        vertical-align: middle;\n","    }\n","\n","    .dataframe tbody tr th {\n","        vertical-align: top;\n","    }\n","\n","    .dataframe thead th {\n","        text-align: right;\n","    }\n","</style>\n","<table border=\"1\" class=\"dataframe\">\n","  <thead>\n","    <tr style=\"text-align: right;\">\n","      <th></th>\n","      <th>fixed acidity</th>\n","      <th>volatile acidity</th>\n","      <th>citric acid</th>\n","      <th>residual sugar</th>\n","      <th>chlorides</th>\n","      <th>free sulfur dioxide</th>\n","      <th>total sulfur dioxide</th>\n","      <th>density</th>\n","      <th>pH</th>\n","      <th>sulphates</th>\n","      <th>alcohol</th>\n","      <th>quality</th>\n","    </tr>\n","  </thead>\n","  <tbody>\n","    <tr>\n","      <th>alcohol</th>\n","      <td>-0.061668</td>\n","      <td>-0.202288</td>\n","      <td>0.109903</td>\n","      <td>0.042075</td>\n","      <td>-0.221141</td>\n","      <td>-0.069408</td>\n","      <td>-0.205654</td>\n","      <td>-0.496180</td>\n","      <td>0.205633</td>\n","      <td>0.093595</td>\n","      <td>1.000000</td>\n","      <td>0.476166</td>\n","    </tr>\n","    <tr>\n","      <th>sulphates</th>\n","      <td>0.183006</td>\n","      <td>-0.260987</td>\n","      <td>0.312770</td>\n","      <td>0.005527</td>\n","      <td>0.371260</td>\n","      <td>0.051658</td>\n","      <td>0.042947</td>\n","      <td>0.148506</td>\n","      <td>-0.196648</td>\n","      <td>1.000000</td>\n","      <td>0.093595</td>\n","      <td>0.251397</td>\n","    </tr>\n","    <tr>\n","      <th>citric acid</th>\n","      <td>0.671703</td>\n","      <td>-0.552496</td>\n","      <td>1.000000</td>\n","      <td>0.143577</td>\n","      <td>0.203823</td>\n","      <td>-0.060978</td>\n","      <td>0.035533</td>\n","      <td>0.364947</td>\n","      <td>-0.541904</td>\n","      <td>0.312770</td>\n","      <td>0.109903</td>\n","      <td>0.226373</td>\n","    </tr>\n","    <tr>\n","      <th>fixed acidity</th>\n","      <td>1.000000</td>\n","      <td>-0.256131</td>\n","      <td>0.671703</td>\n","      <td>0.114777</td>\n","      <td>0.093705</td>\n","      <td>-0.153794</td>\n","      <td>-0.113181</td>\n","      <td>0.668047</td>\n","      <td>-0.682978</td>\n","      <td>0.183006</td>\n","      <td>-0.061668</td>\n","      <td>0.124052</td>\n","    </tr>\n","    <tr>\n","      <th>residual sugar</th>\n","      <td>0.114777</td>\n","      <td>0.001918</td>\n","      <td>0.143577</td>\n","      <td>1.000000</td>\n","      <td>0.055610</td>\n","      <td>0.187049</td>\n","      <td>0.203028</td>\n","      <td>0.355283</td>\n","      <td>-0.085652</td>\n","      <td>0.005527</td>\n","      <td>0.042075</td>\n","      <td>0.013732</td>\n","    </tr>\n","    <tr>\n","      <th>free sulfur dioxide</th>\n","      <td>-0.153794</td>\n","      <td>-0.010504</td>\n","      <td>-0.060978</td>\n","      <td>0.187049</td>\n","      <td>0.005562</td>\n","      <td>1.000000</td>\n","      <td>0.667666</td>\n","      <td>-0.021946</td>\n","      <td>0.070377</td>\n","      <td>0.051658</td>\n","      <td>-0.069408</td>\n","      <td>-0.050656</td>\n","    </tr>\n","    <tr>\n","      <th>pH</th>\n","      <td>-0.682978</td>\n","      <td>0.234937</td>\n","      <td>-0.541904</td>\n","      <td>-0.085652</td>\n","      <td>-0.265026</td>\n","      <td>0.070377</td>\n","      <td>-0.066495</td>\n","      <td>-0.341699</td>\n","      <td>1.000000</td>\n","      <td>-0.196648</td>\n","      <td>0.205633</td>\n","      <td>-0.057731</td>\n","    </tr>\n","    <tr>\n","      <th>chlorides</th>\n","      <td>0.093705</td>\n","      <td>0.061298</td>\n","      <td>0.203823</td>\n","      <td>0.055610</td>\n","      <td>1.000000</td>\n","      <td>0.005562</td>\n","      <td>0.047400</td>\n","      <td>0.200632</td>\n","      <td>-0.265026</td>\n","      <td>0.371260</td>\n","      <td>-0.221141</td>\n","      <td>-0.128907</td>\n","    </tr>\n","    <tr>\n","      <th>density</th>\n","      <td>0.668047</td>\n","      <td>0.022026</td>\n","      <td>0.364947</td>\n","      <td>0.355283</td>\n","      <td>0.200632</td>\n","      <td>-0.021946</td>\n","      <td>0.071269</td>\n","      <td>1.000000</td>\n","      <td>-0.341699</td>\n","      <td>0.148506</td>\n","      <td>-0.496180</td>\n","      <td>-0.174919</td>\n","    </tr>\n","    <tr>\n","      <th>total sulfur dioxide</th>\n","      <td>-0.113181</td>\n","      <td>0.076470</td>\n","      <td>0.035533</td>\n","      <td>0.203028</td>\n","      <td>0.047400</td>\n","      <td>0.667666</td>\n","      <td>1.000000</td>\n","      <td>0.071269</td>\n","      <td>-0.066495</td>\n","      <td>0.042947</td>\n","      <td>-0.205654</td>\n","      <td>-0.185100</td>\n","    </tr>\n","    <tr>\n","      <th>volatile acidity</th>\n","      <td>-0.256131</td>\n","      <td>1.000000</td>\n","      <td>-0.552496</td>\n","      <td>0.001918</td>\n","      <td>0.061298</td>\n","      <td>-0.010504</td>\n","      <td>0.076470</td>\n","      <td>0.022026</td>\n","      <td>0.234937</td>\n","      <td>-0.260987</td>\n","      <td>-0.202288</td>\n","      <td>-0.390558</td>\n","    </tr>\n","  </tbody>\n","</table>\n","</div>\n","      <button class=\"colab-df-convert\" onclick=\"convertToInteractive('df-a417d17e-73d7-404a-8b82-5dfca9d47f80')\"\n","              title=\"Convert this dataframe to an interactive table.\"\n","              style=\"display:none;\">\n","        \n","  <svg xmlns=\"http://www.w3.org/2000/svg\" height=\"24px\"viewBox=\"0 0 24 24\"\n","       width=\"24px\">\n","    <path d=\"M0 0h24v24H0V0z\" fill=\"none\"/>\n","    <path d=\"M18.56 5.44l.94 2.06.94-2.06 2.06-.94-2.06-.94-.94-2.06-.94 2.06-2.06.94zm-11 1L8.5 8.5l.94-2.06 2.06-.94-2.06-.94L8.5 2.5l-.94 2.06-2.06.94zm10 10l.94 2.06.94-2.06 2.06-.94-2.06-.94-.94-2.06-.94 2.06-2.06.94z\"/><path d=\"M17.41 7.96l-1.37-1.37c-.4-.4-.92-.59-1.43-.59-.52 0-1.04.2-1.43.59L10.3 9.45l-7.72 7.72c-.78.78-.78 2.05 0 2.83L4 21.41c.39.39.9.59 1.41.59.51 0 1.02-.2 1.41-.59l7.78-7.78 2.81-2.81c.8-.78.8-2.07 0-2.86zM5.41 20L4 18.59l7.72-7.72 1.47 1.35L5.41 20z\"/>\n","  </svg>\n","      </button>\n","      \n","  <style>\n","    .colab-df-container {\n","      display:flex;\n","      flex-wrap:wrap;\n","      gap: 12px;\n","    }\n","\n","    .colab-df-convert {\n","      background-color: #E8F0FE;\n","      border: none;\n","      border-radius: 50%;\n","      cursor: pointer;\n","      display: none;\n","      fill: #1967D2;\n","      height: 32px;\n","      padding: 0 0 0 0;\n","      width: 32px;\n","    }\n","\n","    .colab-df-convert:hover {\n","      background-color: #E2EBFA;\n","      box-shadow: 0px 1px 2px rgba(60, 64, 67, 0.3), 0px 1px 3px 1px rgba(60, 64, 67, 0.15);\n","      fill: #174EA6;\n","    }\n","\n","    [theme=dark] .colab-df-convert {\n","      background-color: #3B4455;\n","      fill: #D2E3FC;\n","    }\n","\n","    [theme=dark] .colab-df-convert:hover {\n","      background-color: #434B5C;\n","      box-shadow: 0px 1px 3px 1px rgba(0, 0, 0, 0.15);\n","      filter: drop-shadow(0px 1px 2px rgba(0, 0, 0, 0.3));\n","      fill: #FFFFFF;\n","    }\n","  </style>\n","\n","      <script>\n","        const buttonEl =\n","          document.querySelector('#df-a417d17e-73d7-404a-8b82-5dfca9d47f80 button.colab-df-convert');\n","        buttonEl.style.display =\n","          google.colab.kernel.accessAllowed ? 'block' : 'none';\n","\n","        async function convertToInteractive(key) {\n","          const element = document.querySelector('#df-a417d17e-73d7-404a-8b82-5dfca9d47f80');\n","          const dataTable =\n","            await google.colab.kernel.invokeFunction('convertToInteractive',\n","                                                     [key], {});\n","          if (!dataTable) return;\n","\n","          const docLinkHtml = 'Like what you see? Visit the ' +\n","            '<a target=\"_blank\" href=https://colab.research.google.com/notebooks/data_table.ipynb>data table notebook</a>'\n","            + ' to learn more about interactive tables.';\n","          element.innerHTML = '';\n","          dataTable['output_type'] = 'display_data';\n","          await google.colab.output.renderOutput(dataTable, element);\n","          const docLink = document.createElement('div');\n","          docLink.innerHTML = docLinkHtml;\n","          element.appendChild(docLink);\n","        }\n","      </script>\n","    </div>\n","  </div>\n","  "]},"metadata":{},"execution_count":20}]},{"cell_type":"code","source":["high = abs(corr_sort['quality']).max()\n","low = abs(corr_sort['quality']).min()\n","\n","answer = np.round(high+low,2)\n","print(answer)"],"metadata":{"colab":{"base_uri":"https://localhost:8080/"},"id":"Q9SShOyEOb4g","executionInfo":{"status":"ok","timestamp":1686466928799,"user_tz":-540,"elapsed":5,"user":{"displayName":"YOONGEE","userId":"13265385226373116446"}},"outputId":"69f2d701-8808-4541-c3c1-2d1119919212"},"execution_count":21,"outputs":[{"output_type":"stream","name":"stdout","text":["0.49\n"]}]},{"cell_type":"code","source":[],"metadata":{"id":"bltQeh_GOz3n"},"execution_count":null,"outputs":[]}]}